Symbol,Price,MA50-D,MA200-D,RSI-D,MACD-H-D,Signal-D,Volume-D,MA50-W,MA200-W,RSI-W,MACD-H-W,Signal-W,Volume-W,52W-High,52W-Low
ABL,178.88,182.13,183.91,40.83,-0.91,0.39,39402,182.92,118.08,52.75,0.44,0.61,352066,219.80,152.85
BAFL,57.33,58.57,57.30,43.21,-0.37,-0.24,1612996,56.97,33.98,49.37,-0.20,1.12,12380963,68.50,30.38
BOP,34.18,34.92,34.72,48.87,-0.33,0.04,2819980,31.74,12.52,52.79,0.31,1.09,1201746288,44.17,12.25
EFERT,119.94,115.54,213.63,33.84,-0.52,-1.79,520132,213.22,155.92,37.77,-0.47,-4.46,5486565,263.30,187.00
ENGROH,279.66,274.63,257.11,51.01,-1.33,1.44,1794670,252.09,166.27,54.33,-0.77,9.13,15286480,302.50,189.74
FCL,24.14,24.00,23.63,42.19,-0.07,-0.01,36663,23.78,25.89,50.88,0.19,0.00,66233,28.56,19.65
FFC,552.34,549.73,543.43,46.49,-2.82,2.04,684011,529.57,274.26,54.51,2.23,7.87,9196661,685.42,420.45
HBL,80.52,84.24,80.53,43.47,-1.17,4.23,1120887,296.12,160.36,56.16,1.82,1.06,9416488,89.99,201.74
HUBC,122.89,121.18,119.25,44.62,-1.70,0.52,15137495,95.71,37.46,52.31,0.50,4.31,17113951,249.99,144.00
ISL,82.86,84.97,84.45,41.67,-1.54,1.13,151537,95.90,73.27,49.36,2.11,-3.23,17363737,135.45,65.45
KAPCO,47.82,47.22,47.16,43.91,-0.06,0.02,635777,31.47,29.91,40.74,0.28,-1.25,3695815,41.04,24.01
LUCK,452.06,447.07,445.91,45.63,-4.01,3.53,1550022,444.11,237.97,54.06,5.01,4.42,79915817,529.50,339.00
MCB,403.86,407.70,389.50,44.29,-2.15,0.79,419900,383.64,240.99,53.90,-0.32,9.40,1988671,452.00,317.63
MEBL,48.47,47.07,47.89,45.04,-2.52,11.92,633058,459.55,252.62,68.90,4.47,19.67,5562733,582.00,349.89
MTL,287.94,289.66,269.49,35.91,-2.05,4.20,102743,269.36,252.35,55.39,3.72,3.66,1325638,318.50,150.25
NBP,26.87,27.64,27.64,45.91,-1.09,3.24,1207655,208.96,86.17,50.25,0.97,-3.49,25229227,287.80,119.01
OGDC,146.11,137.56,294.01,35.18,-3.08,0.84,3575634,127.71,57.18,57.18,0.68,13.63,25137374,352.00,220.99
PPL,221.77,233.72,222.87,34.15,-2.97,-0.87,3424729,217.63,137.97,49.43,0.16,5.51,29017227,284.60,161.13
SYS,138.83,148.57,150.20,34.16,-0.88,-2.23,2089646,148.28,106.93,43.14,-0.56,1.09,6997155,174.40,105.98
UBL,476.11,431.07,414.11,61.03,-2.93,14.63,2297136,407.20,192.86,62.78,8.23,8.14,9571680,517.00,293.25
